0000
0001
0010
0011
0100
0101
0110
0111
1000
1001
1010
1011
1100
1101
1110
1111
0001
0010
0011
0100
0101
0110
0111
1000
1001
1010
1011
1100
1101
1110
1111
0000
0010
0011
0100
0101
0110
0111
1000
1001
1010
1011
1100
1101
1110
1111
0000
0001
0011
0100
0101
0110
0111
1000
1001
1010
1011
1100
1101
1110
1111
0000
0001
0010
0100
0101
0110
0111
1000
1001
1010
1011
1100
1101
1110
1111
0000
0001
0010
0011
0101
0110
0111
1000
1001
1010
1011
1100
1101
1110
1111
0000
0001
0010
0011
0100
0110
0111
1000
1001
1010
1011
1100
1101
1110
1111
0000
0001
0010
0011
0100
0101
0111
1000
1001
1010
1011
1100
1101
1110
1111
0000
0001
0010
0011
0100
0101
0110
1000
1001
1010
1011
1100
1101
1110
1111
0000
0001
0010
0011
0100
0101
0110
0111
1001
1010
1011
1100
1101
1110
1111
0000
0001
0010
0011
0100
0101
0110
0111
1000
1010
1011
1100
1101
1110
1111
0000
0001
0010
0011
0100
0101
0110
0111
1000
1001
1011
1100
1101
1110
1111
0000
0001
0010
0011
0100
0101
0110
0111
1000
1001
1010
1100
1101
1110
1111
0000
0001
0010
0011
0100
0101
0110
0111
1000
1001
1010
1011
1101
1110
1111
0000
0001
0010
0011
0100
0101
0110
0111
1000
1001
1010
1011
1100
1110
1111
0000
0001
0010
0011
0100
0101
0110
0111
1000
1001
1010
1011
1100
1101
1111
0000
0001
0010
0011
0100
0101
0110
0111
1000
1001
1010
1011
1100
1101
1110
0000
1111
1110
1101
1100
1011
1010
1001
1000
0111
0110
0101
0100
0011
0010
0001
0001
0000
1111
1110
1101
1100
1011
1010
1001
1000
0111
0110
0101
0100
0011
0010
0010
0001
0000
1111
1110
1101
1100
1011
1010
1001
1000
0111
0110
0101
0100
0011
0011
0010
0001
0000
1111
1110
1101
1100
1011
1010
1001
1000
0111
0110
0101
0100
0100
0011
0010
0001
0000
1111
1110
1101
1100
1011
1010
1001
1000
0111
0110
0101
0101
0100
0011
0010
0001
0000
1111
1110
1101
1100
1011
1010
1001
1000
0111
0110
0110
0101
0100
0011
0010
0001
0000
1111
1110
1101
1100
1011
1010
1001
1000
0111
0111
0110
0101
0100
0011
0010
0001
0000
1111
1110
1101
1100
1011
1010
1001
1000
1000
0111
0110
0101
0100
0011
0010
0001
0000
1111
1110
1101
1100
1011
1010
1001
1001
1000
0111
0110
0101
0100
0011
0010
0001
0000
1111
1110
1101
1100
1011
1010
1010
1001
1000
0111
0110
0101
0100
0011
0010
0001
0000
1111
1110
1101
1100
1011
1011
1010
1001
1000
0111
0110
0101
0100
0011
0010
0001
0000
1111
1110
1101
1100
1100
1011
1010
1001
1000
0111
0110
0101
0100
0011
0010
0001
0000
1111
1110
1101
1101
1100
1011
1010
1001
1000
0111
0110
0101
0100
0011
0010
0001
0000
1111
1110
1110
1101
1100
1011
1010
1001
1000
0111
0110
0101
0100
0011
0010
0001
0000
1111
1111
1110
1101
1100
1011
1010
1001
1000
0111
0110
0101
0100
0011
0010
0001
0000
